-1.720340974326387773e+00
-4.506274029278526605e+00
-4.554102060885047543e+00
-4.204549324235424379e+00
-9.032518464673411351e-01
-9.065893663068178565e-01
-1.187097282213428251e+00
8.336875061329764025e-02
-1.429314475849420507e+00
-1.698825819398588566e+00
-1.913441411714458917e+00
-4.717198129640527426e+00
-9.184000891637491559e-01
1.018738555702943671e+01
-9.145525210268421468e-01
5.227341066412490855e-01
-1.226519140923864049e+00
-2.277545571888746512e+00
-1.272928035330052499e+00
1.369259690414902808e+00
-2.563139485703766596e+00
-1.450529149564101505e+00
-4.266567251950491801e+00
6.537212455076359952e-01
-1.469398649992418981e+00
-1.464306399689556004e+00
-1.096006257012891894e+00
3.004420344451045821e+01
5.583974834270343734e+01
-5.859700017176568743e+00
-1.063384559137502849e+00
-9.749804857079095166e-01
1.789178234698647119e+00
-1.750101055528621163e+00
2.327987117944645412e+00
-1.221152206285591735e+00
-1.107984153375418224e+00
-1.244175454134909931e+00
-1.710929653521554528e+01
1.764564443820351991e-01
-1.425250611053480387e+00
1.800994492935506397e+00
-1.583527672156430866e+00
-1.177607587535419054e+00
7.409603654988154098e+00
-1.458028474509708516e+00
-1.320966988664984632e+00
4.746252280001500568e-01
-2.625619694280155958e+00
-2.191396859782587470e+00
-9.048066190987215096e-01
-9.339433064551488917e-01
-9.254662878186007413e-01
-9.135536146262059898e-01
-9.710095573076449327e-01
-9.154593408078106620e-01
-9.071186793894550071e-01
-9.480126059585216591e-01
-9.532742811638633684e-01
-9.021418815686493842e-01
-9.088746802276692627e-01
-1.056321448230000515e+00
-8.999407169549431540e-01
-9.465045109209695440e-01
-9.999661607743863811e-01
-8.997466444799343543e-01
-9.025032124994936122e-01
-9.207413017276313560e-01
-9.083161573222160445e-01
-1.052147410821316242e+00
-9.601435720265864004e-01
-1.019307084535454822e+00
-1.129785871655106133e+00
-8.992107129232647100e-01
-1.304942677709823418e+00
-9.153306579554817413e-01
-9.188707484856332153e-01
-9.361406941232853773e-01
4.428074994276611775e+00
-9.285822307670259512e-01
-9.298506162688809917e-01
-9.096977170441024052e-01
-9.092343996184598653e-01
-9.014444361527060856e-01
-9.285493366612642685e-01
-9.023027090001468631e-01
-8.981588916847251802e-01
-1.065806343810696610e+00
-8.995950102816476779e-01
-9.086984099991425312e-01
-9.337917954944192633e-01
-1.011202588450445861e+00
-9.782274666814811948e-01
-9.137714214045340455e-01
-1.469106079045894742e+00
-9.030000801221460538e-01
-9.096518904832309182e-01
-9.477037770316308896e-01
-9.186278574208081027e-01
-8.997929159462692006e-01
