1.835504684866361869e+00
-9.914013247457814648e-01
-1.175909816523071916e+00
1.164971318839183034e+00
-1.070314562248117607e+00
-4.127428448223919411e+00
-9.067778629752292208e-01
-1.346972429191352516e+00
5.948082500400413419e-01
-1.434408472541359725e+00
-9.290999277381108978e-01
1.356865301248858069e+00
-2.300452200170891803e+00
-1.537458117110835687e+00
-9.215714521449566154e-01
8.757277888950829592e-01
-1.357267808793305441e+00
-1.041259782355886454e+00
-9.203783629490762674e-01
-2.108912539266505792e+00
-1.544391078203622980e+00
4.341079244621900424e-01
-1.244780509592690043e+00
-1.009655913377698777e+00
-5.629872699237391309e+00
-1.113434054473251500e+00
-1.229382259123776411e+00
2.717853759985122686e-01
2.284641078810780157e-01
-2.894721502394248525e+00
4.180215479321115479e-01
6.875085560688832587e+00
3.864290638428023450e-01
-1.300517263141405255e+00
-9.297420570010044294e-01
-1.029767629879860369e+00
1.376806835809055940e+00
-9.414895449667359806e-01
-3.615291614858178626e+00
6.245144176656822754e-01
-1.245975685703897495e+00
-9.536195039869925782e-01
6.373063773989248837e+00
2.249554395823339803e+01
-9.387081384150594010e-01
4.376090588336875586e-01
-1.456801624976783893e+00
3.175831695038130231e+00
1.347278843572189189e+00
-1.120811505402705022e+00
-9.113140305904180449e-01
-1.337912812763021764e+00
-9.171532311320658160e-01
-9.776722483095175997e-01
-9.674458879741167916e-01
-9.126935975404290025e-01
-1.038946171093860338e+00
-1.083117871795754583e+00
-9.653589170297561806e-01
-9.285660891110623094e-01
-9.284929139253386143e-01
-9.490904570084977010e-01
-1.743746624530865486e+00
-9.151731700387465418e-01
-9.228288763647950477e-01
-9.315752016698558569e-01
-9.331615158110978525e-01
-9.184113890919554102e-01
-1.032736446419561860e+00
-9.241780004438777674e-01
-9.092078434968912104e-01
-1.107277558517067328e+00
-9.589323032608619846e-01
-9.932707556894424528e-01
-9.343928690843575913e-01
-9.160790970095044061e-01
-9.189305098597079224e-01
-9.641619808289617621e-01
-9.107023986911890745e-01
-1.199847478420284164e+00
-2.033372996979293745e+00
-9.062470573035406041e-01
-9.266869508183134263e-01
-9.146402721032729222e-01
-9.717889243534659771e-01
-9.244514787946882528e-01
-9.269375842190240578e-01
-9.555505826922424673e-01
-9.412139972036245306e-01
-9.086162327192015553e-01
-1.218295969631047804e+00
-9.759621320024165492e-01
-9.870154581499047675e-01
-9.646207643241233587e-01
-9.391811682938344674e-01
-9.529913591360265057e-01
-9.423715697607604191e-01
-9.463315360016181232e-01
-9.115666755382842990e-01
-1.013322566758469323e+00
