5.086070884310864987e-02
1.994223001175197685e-01
3.897097796044268064e-02
1.110477134407013289e-02
1.283651159475767550e-02
4.266440169763767963e-03
1.235455159204407139e-03
5.410381186626162138e-03
3.156948415160206259e-03
5.463660806446983542e-02
1.739894843184023460e-02
3.156523244304506367e-03
4.689518452019020983e-02
4.159382805423268437e-01
8.393195127957919430e-03
1.560830905831251617e-03
4.152483109510320819e-02
1.028937303453815357e-04
1.088977028597775711e-03
5.723037614958166597e-02
6.889669317370246415e-06
2.588124655577234146e-02
3.684838128558249833e-04
2.611943024580586949e-03
1.772460889838666518e-04
3.146801736273351774e-02
4.993068590115361987e-04
7.834249278529194227e-03
6.786833647474534853e-03
4.543266035981446960e-02
8.892589606706391512e-04
1.884706430915497610e-03
4.881345246824464468e-02
5.405829013622517464e-05
7.004544496525213658e-04
9.946124720911910335e-05
6.498034921418191501e-03
1.343719657023959013e-01
3.800179946711882816e-03
1.736768227195320535e-02
7.906374852347471116e-03
1.864901285994945905e-04
8.190192628108257681e-04
1.642033978195682475e-02
7.809697945294500005e-04
7.552086687011552637e-04
6.893436252922059693e-02
1.373840673851860249e-03
3.047116122445995179e-04
2.734549801792764828e-02
4.444530866116724321e-01
7.350406091088839897e-03
7.886206840940763844e-04
2.046255121239903274e-01
7.996457678324607465e-02
9.429485639950207013e-04
6.103522589065916819e-03
5.692257447598613601e-03
1.278229222940947850e-04
3.106721400766770252e-03
5.231615248210533703e-05
8.518982944931752016e-04
1.412790798101805920e-03
1.773157746421432507e-02
1.490963844465302307e-04
1.544131743333694018e-01
2.553907213006672856e-04
9.046240939866736185e-04
3.961914201407375560e-03
3.233546040675029220e-03
2.420662637400870006e-03
1.259089176624387726e-02
5.396851829761386155e-04
2.993473907186879404e-02
8.990955018254070952e-02
2.128598857049273448e-04
2.524657008628734909e-04
1.841601738975061754e-04
2.253261098148670941e-03
4.471192370590914428e-02
4.705803838740680312e-01
2.169734667683777957e-02
8.343494601182501586e-05
6.371764752600282038e-04
5.098536356554298756e-05
1.182386364716834322e-03
2.674965143018100816e-02
1.839706586961246243e-04
1.533904885414027466e-03
6.353026273023077786e-04
5.126167088833511604e-02
8.809747046239370383e-02
1.877052626030895348e-04
8.040574810480088843e-04
6.805290409026596432e-01
1.262754546838696645e-01
2.614149117325660328e-04
4.468411952334229095e-03
4.100064085739091660e-04
3.299388319854185819e-02
1.332199328218900249e-03
2.235138761054912895e-02
5.306573100549427657e-02
2.193537473086470783e-03
5.698021054926887853e-03
8.896707282145125198e-04
1.385274204119618701e-03
1.444770946816923156e-04
1.148422638364522338e-02
6.816259377583451995e-04
9.528432024047408036e-03
6.645113952070525571e-05
6.417847408566597182e-04
2.925723294428436358e-03
1.819165532947703020e-05
1.615660824400629242e-03
3.615487447935284565e-02
6.712387994230606160e-06
3.055626231817837150e-03
1.164453292464877471e-01
9.077621507927547480e-05
5.542723479148666975e-04
1.061605979195221405e-03
2.534130222582059444e-02
1.823506454195662763e-02
1.495704015905610293e-02
8.654970851000589119e-03
9.587977274815141782e-02
4.626240595506794589e-04
5.713784583298008382e-03
1.605089906317388624e-03
1.770536981425597329e-03
2.071125120074355508e-01
4.723004181580500033e-03
8.225421550397253069e-04
1.443928445967811169e-02
2.561150902160628205e-04
5.202524086116848932e-03
3.268945389473309685e-05
3.884178668212771965e-04
3.263809319205154499e-04
1.347694783195459330e-02
5.153030198523738531e-03
2.619468312356114728e-03
2.471721677046969561e-04
1.494086844899098377e-04
1.521963477940775373e-03
3.779281065364236379e-03
4.139926234663796685e-04
8.020189276124084152e-03
8.331739110744236163e-03
2.062704342710699733e-05
5.229326871706297926e-04
4.411110819548333942e-05
2.491591614551874057e-01
2.049904820861385424e-02
1.988681211456386211e-03
6.432730911001042115e-06
1.478322390862517495e-03
1.256168815470641098e-03
1.258366414381952292e-01
3.728992121154837557e-04
7.230848244644006990e-05
6.605272810125639889e-03
1.139458461778789563e-03
3.830319939348413860e-01
7.439045920607540319e-04
1.110771816389381208e-03
1.248396785215563393e-05
3.493259261892942957e-03
3.570819183003285085e-03
3.348964306978965532e-03
1.712103761527973000e-01
1.960841705983981404e-03
1.296428914187908732e-01
8.698607168275884760e-02
1.038520917195945720e-01
2.449654731618241751e-02
3.048689647163706565e-02
4.273630717950213653e-03
4.900064821177362202e-03
1.922071927069791616e-02
1.379846109991368641e-02
1.963241238473118540e-03
1.689076778819384450e-01
6.639386908656792112e-04
1.128602407803045354e-04
1.432044259750187530e-02
8.456458491500734023e-04
1.610412952604183337e-03
4.994528409022049525e-05
1.995474890907748301e-03
6.793729945981103868e-04
2.307637426962731470e-04
6.753714564906516948e-02
8.580035370087797880e-05
4.757938352012363670e-04
7.034425980529597500e-02
1.250545172775712477e-01
2.227515343284275709e-02
1.253838152346035094e-02
6.242815149578606095e-03
2.740026710001744904e-03
1.515478927408517827e-02
7.715757851432436011e-03
5.644590791450388584e-02
7.829079150488280070e-02
3.171245208089790851e-02
7.215391650231721583e-03
4.907742144724567060e-03
6.559085082477792263e-04
5.086405163352863577e-05
5.319983116830747684e-03
2.985917726829142096e-02
1.958101647852696428e-02
9.022974948830706290e-03
8.701562456820324115e-03
1.188683478448858280e-03
1.296612272555899229e-03
1.127055032796257794e-01
4.640546365346436865e-03
1.987825121980768724e-03
5.009493841051726806e-03
3.467887113295444216e-04
6.062849846617032745e-02
5.122754483045117296e-02
4.616816614311490541e-02
2.783389300829389006e-03
2.158588933331560388e-03
1.892796656162737618e-03
3.156445691422110622e-02
1.503117523722206396e-02
4.140163262324129088e-03
5.694389864902919471e-03
3.411150457815544795e-02
2.671288923216788569e-03
7.388770992744187437e-03
4.006718251460038294e-02
1.112330486692136508e-02
5.390373489341484847e-05
1.454707320375607169e-02
8.041818460884539790e-03
1.804702286210867982e-03
5.548615965886015064e-03
1.398138809261491311e-02
8.392882687738020264e-01
1.881825805355509182e-02
5.372552353568374461e-02
2.850992814220768695e-02
1.452258635133768863e-02
8.081315156519762802e-03
1.434574068351902876e-01
2.210006955867984790e-04
2.634182254429386950e-04
1.774896296870079717e-03
1.019876449560667628e-02
1.873269541123854035e-02
4.732112363228335554e-03
2.710494841578183693e-04
1.574098786885108788e-05
4.275868076301750018e-03
1.195137414201625538e-02
8.707176886748884835e-05
5.074819610864568509e-02
1.871539191826280743e-02
2.077776953333655002e-03
3.891071468582342052e-04
9.041103493232040267e-02
2.176470480966677043e-02
1.782319694648443675e-03
9.850060284593058213e-03
1.565464357053776654e-03
9.306448428972373616e-04
4.125759118997077493e-03
9.418738195565564894e-04
7.042042073658175139e-03
1.078411990398766770e-02
9.620967503566729695e-02
1.311344676403774496e-05
1.503848604188886239e-02
1.189636473056662064e-01
1.685298374539491092e-02
9.175940073050717002e-03
8.813107902374097899e-03
1.359482132938503486e-02
6.456750105776128557e-04
2.013759558519161441e-01
1.944395254919289995e-02
2.599053797651225406e-02
2.367511337328682443e-03
2.187864698166403464e-04
3.621142616544170689e-04
2.008179322997436303e-02
3.631171637085507924e-03
3.373919754435975721e-02
7.121312042427170748e-05
5.334316903724865833e-02
1.199174832742896159e-04
1.975091626076317525e-03
1.813038985702856900e-03
1.979395601200485341e-02
9.472428508553241977e-02
1.013946960568117396e-03
4.412821775442755078e-03
9.665582600711087029e-04
7.142184267950239622e-05
1.293153061983515727e-02
3.327559861894484935e-03
2.216713918341512140e-03
6.919730545445135694e-04
3.716636060476036230e-02
1.663194192266719907e-04
1.841156637157130224e-02
1.992265584360738626e-02
3.339198372505220851e-05
3.050529941571018377e-03
4.014869608613215457e-02
1.388827156702123313e-03
1.431015347727798554e-05
5.123783068656447308e-04
7.918878157529505787e-03
5.874811538524277003e-04
1.414704697274926926e-01
8.131592498464567135e-04
5.441972312641483664e-03
5.147732216566973037e-03
3.483653623576454111e-03
9.555001705224556627e-05
2.502450160733092448e-03
3.363850682460824137e-02
2.745583628040678282e-03
2.729328366295983720e-04
1.437360064195122335e-02
1.627978894780790346e-04
2.192897089124924703e-02
9.308711609902481365e-02
1.545613645202953499e-04
4.246955730680075430e-05
1.695711924005653681e-01
1.139825583490019084e-01
2.396810041631442195e-05
3.309982210620132496e-04
3.305672994769527639e-02
1.574385965053968139e-03
7.043047904302859874e-02
4.548099558298140249e-02
8.778122626670407935e-02
1.098768502203229525e-01
8.491100793288812454e-02
1.520248992517516176e-02
1.221060176715932464e-04
2.877060563613300856e-02
6.359768021689318220e-05
5.129512745718928582e-03
6.454496113541854374e-01
1.238791132252212157e-02
3.943873224620302875e-01
5.851200384460991666e-03
1.548702719644160300e-02
5.018014326596963988e-06
2.415777099838333091e-05
5.169801465907817445e-02
8.551117026726856585e-01
1.770422775592749853e-01
6.034502218950214044e-04
2.106146939970090571e-04
3.288615073073078779e-04
4.722182652661291447e-02
7.288668822575895823e-02
3.897004776836193707e-04
4.261156068431153771e-02
4.166042705166129491e-03
2.726392997203977986e-01
1.461316432936622295e-05
8.979195183294772734e-04
1.058619944115567825e-04
3.017374779571736082e-02
8.806034359338785200e-03
1.734991659866131101e-03
9.612989516170075688e-02
3.038341812465240530e-02
3.318015912327799684e-04
4.250571621903349168e-02
2.384993559990132572e-03
5.285486136210117147e-02
9.588678431494281895e-01
1.749630507800129268e-03
3.176444910451897631e-04
2.190707443140557931e-01
6.079113367098807341e-01
1.366524857189852773e-03
3.460795170968595852e-04
1.486960551622452421e-02
2.445480737484201621e-03
6.890229231476985468e-04
5.926521720710414831e-02
4.069445217974233808e-03
7.831528681374887862e-03
7.270887353702742625e-03
9.850359586810748802e-03
6.557397659018776581e-02
5.179266896928230030e-02
8.585632601580140408e-05
4.454771328477813365e-04
1.385010665261204085e-04
1.842994563399342686e-02
1.628835906720913634e-02
3.466215951936884709e-03
5.094875011059475656e-02
3.474664276164034921e-02
1.778869457867812221e-03
9.298444451908612421e-03
9.524814043421381271e-02
9.818508973302442211e-04
1.078440759504446051e-03
1.495936547411765884e-02
5.129828225013850079e-02
1.125466968636209967e-03
5.142939374659754627e-03
8.873799980794060040e-04
1.002645437985384518e-02
5.133987205023614201e-04
2.696577621417148123e-03
1.237195776665158309e-04
5.100012819306543304e-04
5.697571235983846195e-04
9.918164950258226420e-03
2.141370367812915187e-03
1.800664880232229117e-03
3.000661678913929542e-01
5.640856248784553717e-01
7.753304374919472129e-03
1.132747323717874828e-05
4.775736669849609851e-03
6.037017891571645062e-03
4.323607433729462755e-04
4.606741171526273354e-03
1.174494644695098511e-01
6.279879746400337083e-04
1.675298758111925732e-02
4.287041879606805911e-03
3.333106570280438413e-02
1.046215416822991132e-04
7.734273150351219164e-03
7.711713787674443496e-04
3.406756133866502452e-03
5.128033605200966755e-04
6.317231847315030397e-04
2.831841879833873923e-04
1.851992796649466408e-02
1.972286432557610394e-02
6.796206997062760602e-02
1.284625147001413302e-02
3.095684843039592585e-03
1.392627089517895931e-03
2.517210465633231559e-02
6.386886134397715686e-01
3.250500749827356373e-02
9.649127598672611883e-03
8.439722945928937155e-04
1.484695699420375201e-03
6.098125339379244572e-03
2.869113206754991992e-03
7.213749145975258559e-04
5.288172444801417542e-04
5.402913812055118101e-03
1.431189539094116598e-04
8.720124409379090627e-03
1.489828785788495542e-02
3.743222769166736313e-04
2.420283519946533901e-02
2.188413621677103710e-02
2.445849035904485054e-04
1.280764773691181100e-04
2.225378974239006387e-03
3.206896676771842092e-02
5.256504036522992480e-03
1.536238733613885972e-02
1.119795063878383087e-03
2.569492185641002180e-04
7.544692341930894167e-04
3.296770387461538630e-04
2.500128808153872931e-04
4.369359274298555834e-03
2.590457112141172913e-01
2.909030889868236772e-03
3.328614292314160429e-03
6.071673433979366680e-02
7.333816685266152146e-04
4.181200398807766882e-05
2.406205726805950296e-01
1.849985714770039508e-02
2.379838363151185257e-02
3.637844141129657066e-02
4.649745984121929370e-05
2.828155950163089866e-03
2.631586550053470648e-03
8.090382607705929111e-03
2.227533853472480063e-01
4.532097900771478064e-05
1.591890996744544208e-03
1.852477098960782914e-02
5.264332150912130054e-03
2.871897683680116364e-05
1.923155982937346060e-03
1.733113303681229353e-04
1.013639419642496826e-02
2.190008613637715092e-03
2.126499593933399088e-02
3.211105221560497242e-02
9.580316246822434545e-02
3.486922674840860492e-01
1.345518895792536260e-03
1.969156323407686704e-01
2.602524337967825323e-03
1.759423407612926678e-03
4.663818882632425611e-04
1.031464081422389369e-04
8.619141392221263409e-02
9.575908124910029152e-05
1.302058128256131792e-02
1.840777730208963472e-02
6.071300779461077241e-03
7.906818426423406487e-02
6.005984654027814174e-02
2.463185711482495537e-04
2.264326598630315296e-02
9.509163125929741300e-05
1.115973346289319678e-05
6.147508400839243620e-04
1.527501017962605697e-03
1.055240001561945926e-03
3.860990440533413693e-04
6.004749805842247296e-02
6.068244865472752908e-04
6.594883455027837904e-01
5.369220723246399905e-04
2.960295060092146043e-03
4.141590926041267221e-04
8.048136575732232293e-04
3.811582116740138055e-04
9.143271344171600978e-02
5.046045768871260367e-04
2.649962890049247476e-03
3.168942997844726994e-01
9.005272188416578276e-04
7.242777599763403811e-04
1.637338590764083820e-02
1.598470153738825936e-02
1.527682503254970507e-03
3.455439790890023458e-05
3.654932894956571475e-04
4.982361403595333624e-03
1.905145829190576677e-04
1.649894485045918634e-03
6.909816930052928166e-04
7.465352803575437063e-04
3.686442886017701434e-04
4.004415082303925278e-04
3.112454466590862693e-04
1.478145099764777593e-04
9.128179827486149200e-03
2.344445368872957736e-02
1.565838310040008972e-04
3.132933801066276613e-01
2.116277616566938913e-02
2.955990286619324548e-03
2.955466228675444808e-03
4.159224398027910213e-04
2.999537344438348019e-02
1.538891733427018250e-03
1.808517983910544556e-03
3.407580593370713681e-04
3.372980190676717061e-01
9.281985704616496635e-03
6.644777786726783694e-03
9.606528662666854361e-04
9.670252443839807697e-06
7.461035102682796703e-03
8.677395159430375008e-04
1.779295343771553561e-04
1.531223727057576213e-03
5.976679613382867217e-05
5.134882627912295411e-02
1.320219765870702007e-03
1.509788731929438965e-01
1.289848518912304481e-02
4.297665182028511527e-02
9.786049149001266843e-04
5.065435794540051884e-03
3.025397526849512575e-01
1.131564904361186466e-03
4.806031241328942612e-03
3.465295844271866210e-01
7.509931200539926750e-03
9.588331220642216316e-05
2.498470153688359466e-02
4.476326490410338296e-03
8.232742709176116627e-03
1.914172674941792482e-02
1.041344122346929413e-02
1.244081543326599386e-04
4.633876745888939686e-04
2.295701040767131329e-02
2.320635467053909495e-01
1.608492439827022974e-02
1.468653644074281858e-03
4.414570583743402180e-03
8.524232632755355350e-04
4.316120013287899973e-04
5.456655668542721022e-02
6.424747946984943336e-01
1.431195969285649371e-04
1.645022523104195105e-04
6.891577875074115242e-04
2.850250095861969757e-03
1.502345072380800338e-03
2.392657641959746557e-04
7.245312578306541823e-03
7.877065920847700631e-02
4.938315248537748503e-01
2.238659513417924651e-04
2.885366908580030629e-02
1.428141025135321463e-04
4.469993008083010186e-03
9.555503542395583222e-03
1.119058743570218797e-02
1.407907064496309070e-02
1.718262313794751694e-01
2.343203959184170216e-04
1.485970971602948356e-03
7.807645724818837972e-03
1.765461487990055145e-01
1.515087342038019358e-04
5.226324334970746527e-03
1.439209581856557289e-05
7.880388356361249860e-04
1.470337319314558465e-03
1.654490372135960716e-03
7.480735436293993413e-04
4.547404805110219495e-02
1.366943559312601625e-05
2.126236943947138608e-02
3.277170341752009110e-04
9.282557934769147812e-03
2.986535938149724695e-04
2.036648734843259437e-02
3.089923362613192573e-02
1.350136507203714697e-01
4.241150239990694156e-04
1.995554984339553972e-01
1.122488749003571346e-01
1.906597692194393900e-01
2.995776107673237421e-03
1.394528058924884850e-01
6.985880259405107939e-04
1.704464495174673189e-01
5.016861708513380841e-03
1.157334811764273086e-03
3.902708461545775529e-06
1.265793583516101840e-03
9.308091835990059404e-03
2.083040038080169205e-03
6.035628048997591921e-02
1.607622407019118280e-02
4.736653414555501429e-03
9.136253781526320868e-04
2.358066332904299595e-02
1.182467483919939950e-02
4.350122211093537111e-02
2.838185673963098191e-02
7.984168441672901198e-03
5.044813058365841402e-02
9.719880740857714989e-04
3.730189909393587526e-04
2.023736757695521551e-04
1.830777310801728897e-02
9.807444300606255050e-02
1.819345802812334656e-02
4.027568061766358815e-02
3.869180638602301436e-02
1.613137157774936238e-04
1.341623727950685095e-03
4.861295401506228291e-03
1.956543621112019349e-01
9.430499979331489341e-03
1.347564767689868881e-01
2.448300900504088874e-03
5.339891405861708212e-03
4.960804049534334181e-03
2.199812528054647179e-02
8.136498139163950150e-03
9.756390519483397472e-03
6.138873649537327643e-02
2.846682961592481866e-04
1.180289906531853741e-02
1.485502529306381801e-03
6.177204344353992094e-05
1.951773724598026020e-04
9.169458271896425853e-04
1.581577319254463007e-04
4.157470355790843751e-03
2.108161831864832289e-02
1.558664692720087858e-03
1.083795411310695990e-02
9.128184340553372736e-04
6.796576170376942075e-03
1.134534788682972422e-03
4.521337612300906778e-02
7.357216942783181574e-04
9.862389184491587857e-01
7.017752829363534594e-04
1.543016575368584022e-04
4.688331805763196734e-04
3.908916222654496529e-03
6.172681590465876056e-01
1.214107183826869168e-03
1.878901560310028418e-02
1.731243893372249806e-02
3.906585112694729855e-02
1.283354832695107230e-02
2.646649807688339351e-02
1.782236682711512560e-02
1.286108007835204924e-02
6.035565523162101861e-03
2.861044478521694362e-04
9.362784234379820103e-03
3.017692769273110434e-02
1.291420729734967313e-02
4.250060490202181855e-04
8.117036818500648985e-04
2.039339193582278935e-03
1.448238189958183129e-05
1.755110354159854268e-03
3.047831835906638157e-02
3.588142966574912451e-03
5.436344421852421773e-04
1.825471515563151237e-02
6.052258464821044098e-02
3.841971704509264396e-02
3.781709387715351256e-02
6.301576524392761124e-05
1.551951492146761216e-02
1.262718529464138678e-03
1.518459885482227253e-02
2.159573713197733211e-03
8.952514629348221065e-03
9.994009971704603812e-02
1.287085351289669107e-03
1.487064910723221844e-03
1.820829610624300193e-03
1.528315047311415154e-01
1.046641694970443562e-04
3.494602926281038823e-04
2.475429893592842948e-02
2.927014678738212037e-04
4.845548535134230339e-01
6.700124147528570273e-02
2.458443193301787510e-02
1.063807142927119739e-03
1.361261401766659116e-03
8.226250524950233511e-03
4.659494834580012873e-02
6.104638185094570435e-05
3.671928087744324477e-03
3.148884905673590175e-03
3.561523909296794143e-03
1.949284335978597720e-03
1.187508821557588246e-02
5.679327597784970816e-02
7.782154447167637101e-02
2.397392580142347976e-02
4.501341205071987539e-02
3.114462686447357694e-05
2.539801605148567275e-04
6.829785950342923823e-03
2.910981770722134016e-02
1.402762539424939068e-03
1.263418371267367550e-02
6.080106937978005431e-04
4.094513941802405523e-04
2.317620120528773864e-03
3.776674681992985699e-02
1.747761326658373764e-03
7.222919492284260619e-03
4.741661605655615383e-03
3.707823217911518539e-03
4.620666673524618021e-05
1.153921713132843863e-01
5.773843287044143954e-04
8.862311166395206094e-03
6.962422873054196007e-03
2.016761103438886524e-02
2.585405371786167125e-02
8.798249630298873858e-02
8.926962438417510720e-03
3.172599799368933148e-04
2.315978127190711916e-02
1.161420563429648757e-02
9.087148980528870741e-04
3.779488221740750988e-05
2.543990383614756420e-02
6.349855681123113375e-03
6.367679582515401587e-03
5.143007756750568246e-04
1.268663197264382515e-04
1.548087257279071594e-01
2.787773260818673634e-04
3.031824168991370167e-05
7.601859732346422636e-05
4.514674815528896788e-03
2.933207795016771341e-02
3.261719281185990454e-03
2.701691302481899482e-01
3.882848069909977662e-02
4.246504292972529820e-03
1.056683895878095985e-03
1.207448588920445945e-02
7.971933264935922650e-03
4.934391463592385091e-02
7.671144644026941552e-03
4.908322814449373080e-03
1.819401981443213301e-01
2.395001905764523875e-02
5.328982957453464044e-05
8.997790083736514552e-04
3.639415077331735427e-04
4.642581076724151454e-04
3.035272870409121831e-02
6.626860927463462822e-06
4.321220253731047748e-04
6.576111047866264707e-03
1.290953852413470257e-02
5.771028804018687453e-01
1.274071643358118129e-04
7.414994637223081215e-04
2.344512007075822497e-04
1.481408742046517003e-05
1.364140459704934333e-02
2.368022263405160713e-02
1.717260034575104303e-04
7.752783800011984194e-01
1.933932689002507089e-04
1.253456256624521181e-04
8.019765278424307794e-03
2.310546672064111434e-02
1.865689247755206344e-03
2.667643562878643793e-02
5.460433480745341406e-02
6.833513438467825676e-03
2.496658179480354097e-04
6.387035816136629523e-04
3.899789383056732027e-04
2.970867698618807548e-02
3.753844891691918433e-04
4.165261855733975831e-03
5.975481842551667692e-03
1.040522778083310396e-01
6.207896265404874020e-02
5.924332413774682955e-03
3.032854905261628611e-02
5.733588823447880595e-03
4.243103772766409695e-03
3.958190895399794885e-04
1.768876949686664930e-04
5.088362306336856843e-04
9.404312269985751205e-02
2.358516715225076818e-02
1.036788042397620777e-02
6.633658855368519680e-03
1.079734741078152999e-03
3.708060552883686578e-02
2.986456482703378750e-03
1.639773899871896368e-03
7.583580502679932106e-04
5.007079827559573847e-05
5.853124358129911491e-03
4.193497359017582722e-05
9.722041400693200251e-04
2.653387070348655393e-03
3.567006967725491057e-03
1.215999046804799519e-02
7.688062226846258639e-04
1.966059039249818004e-04
1.462567479762591754e-03
8.549011143932543424e-03
1.495033727501987875e-01
1.743382328868376026e-03
2.086807269698253732e-03
1.102534812919572191e-04
7.488145976194493601e-04
6.713096195115388087e-05
1.276419313546659764e-03
4.322882646558017308e-03
9.406929272275212431e-03
4.883926006291360727e-02
1.394184722518221897e-01
3.760136793323813295e-04
6.984658054947926126e-04
1.831341903091580556e-02
9.093223739933467900e-03
2.233749543889479178e-03
1.992347343773794748e-04
5.824084907378920253e-04
7.971940102017183605e-04
1.417938939697019080e-03
1.394303312787610431e-03
1.311067356214702315e-02
2.299259309685673935e-01
8.046136812235359093e-02
1.753486773188133591e-02
5.490324505034231868e-03
1.737919651160256540e-02
6.629203133306294974e-06
3.008939773219406269e-02
5.309372422566041028e-01
3.059100457174168120e-01
2.282551032619296177e-02
1.235705026828032174e-04
6.939039261418565108e-04
4.657167326922788571e-03
6.315527540564409457e-04
1.142487445196273401e-04
2.324687030331445622e-02
5.475514237667485420e-04
2.144739813861110990e-03
4.509154997834752786e-03
7.505715575963001944e-04
4.885343845092382682e-03
1.570274982589791191e-04
1.399759376824894451e-02
5.064998873416741085e-03
9.595385929703559909e-04
1.000003376087790219e-01
4.553171099655602960e-01
1.793873403584280574e-02
1.468697943986526462e-03
6.029226529131237466e-03
8.973272558730694055e-05
8.742280672237706662e-02
6.339628771173476786e-04
2.431095491081966542e-02
1.356475519717125766e-01
2.394839281309197598e-01
1.175839239627989030e-03
1.999098160751673903e-01
1.879234206412478065e-03
2.257196374333566256e-04
4.541026930720773111e-03
1.134211902404188741e-04
9.413148828517678424e-02
1.814541197430423261e-05
1.000766522756797668e-04
1.291040545300958277e-04
2.222405716324253816e-04
7.608318551888236265e-04
1.448713382113393441e-02
6.319694978078100982e-03
2.133590517062096056e-02
5.903945139272765048e-03
2.984242475453728338e-01
1.090779139987448423e-02
1.480797053162888702e-04
2.369471245528314207e-04
4.883240956759236917e-02
7.601573676074668666e-05
4.338728789394119545e-03
5.787850594027184846e-04
2.910540466121286081e-04
2.789827520924690121e-02
2.485460989084659327e-04
3.584693607338911708e-02
4.948653168682041331e-02
4.010971518087399698e-03
5.190035236330446710e-04
2.032414302780274212e-02
3.747753359462444034e-02
4.801420785916427243e-03
2.906356739512795662e-02
6.180424791547403478e-03
4.851147869082631371e-04
1.396533980878795220e-03
3.253550948254389959e-04
1.136505049282740716e-02
1.385674347468636073e-05
3.875397870666622609e-03
9.036340425803525216e-05
7.866494861002110237e-04
3.967804321296195535e-01
1.248983032072857949e-02
2.623199697802472159e-03
1.716384787709959378e-04
1.415903144882133674e-03
8.631625205539063608e-03
1.138292314208196520e-03
3.410686177335727712e-03
9.365467235217417308e-03
1.396359992025448290e-04
1.363679617655812540e-02
2.878968974989797036e-02
9.553566835072795360e-01
5.241474885498964564e-01
8.903483247058857630e-01
8.353002725505630499e-01
8.670707319299042481e-01
6.052298935827719883e-02
3.099448603965558879e-01
3.483363060847545767e-01
9.565343056950810219e-01
3.885931995454584148e-02
6.553724278788520818e-01
5.978130187086997394e-01
4.465584638800875611e-02
9.651142572404367570e-01
8.467511192370849038e-01
2.745848156260355388e-02
8.246597465119057668e-01
6.705831711470202627e-01
7.586874952853587262e-01
6.246350040770620726e-01
3.262250214603215070e-01
9.872531305924170386e-01
8.927637756696502613e-01
9.096136252874892358e-02
7.861906395572673123e-01
6.603972637450779004e-01
4.868623530630897256e-01
6.446891226772697436e-01
8.842676083849756452e-01
4.171338038992327135e-01
2.085086382606949895e-01
7.987355205581179174e-01
1.195570738748553408e-01
9.250429393934618272e-01
9.924941109764257030e-01
1.562291534090171075e-01
9.306346229626311084e-01
1.382853083063595723e-01
7.604537179638650723e-01
2.423467110233947230e-01
5.525541291711586478e-01
4.223781918521606754e-02
3.271112237199879091e-01
7.969189528604907480e-01
9.103455303426134793e-02
5.517229859433074868e-01
6.494145940365646519e-01
6.118664583505413201e-01
9.673880583094003338e-01
9.771904973080599577e-01
7.636923039052516682e-01
3.476054214328427316e-01
1.848012397948825825e-01
9.219075338278062137e-01
4.190129373809244884e-01
7.598626968223659572e-01
2.453050664614491172e-01
2.005535276461555272e-01
9.871582798480252885e-01
5.075717298937731936e-01
8.761070806130741850e-01
8.511029075380873721e-01
9.557804247772103690e-01
1.379345299409901193e-01
2.683616434853723365e-01
2.243015273156020450e-01
3.053846700945424958e-02
1.951105030487923497e-01
5.833628349247921285e-01
3.605765690330744455e-01
1.255236536081195675e-01
3.471886437373289946e-01
6.514710638264311626e-01
1.205921552924583973e-01
1.338294485955850155e-01
9.620798659158311672e-01
4.976247512792212335e-01
9.217718994387446019e-01
6.009599822025017968e-01
9.935318096834616641e-01
2.788886247389609774e-01
7.774067929742987104e-01
6.747608828143933923e-01
7.521273468231305381e-01
3.907129183016088692e-01
5.631961063024610858e-01
1.204458834345383117e-01
5.438867423398717760e-01
3.249662095836522435e-02
5.582294808943796260e-01
2.916186562185867359e-01
4.784627815945667606e-02
9.084801203751682319e-01
2.792693631901955187e-01
3.322850727742655552e-01
6.144286486783366863e-01
4.315686604237005675e-01
5.333394843652943251e-01
9.292983100378823247e-01
6.645497007910263765e-01
