1.849953337963187450e-01
1.220791153064169215e-01
1.207852834967047539e-01
1.228427194437148318e-01
9.455383373759804755e-01
9.166822349592035346e-01
3.093723093842065675e-01
9.361829914020907903e-03
2.275558602520603990e-01
1.893130713175710800e-01
1.697399271602876292e-01
1.204080283785077116e-01
8.265533099532220707e-01
9.178534931411501396e-02
8.516397137795383987e-01
3.987170063430519468e-02
2.916344816415561425e-01
1.510439877980475076e-01
2.708835857533165026e-01
6.273139763444486594e-02
1.450786927083112798e-01
2.209632019640472012e-01
1.217282309852340122e-01
4.457694353603373905e-02
2.213137546093189023e-01
2.223133600074237715e-01
3.785960663552693228e-01
9.805251710505021034e-02
9.844233682964739773e-02
1.150523487669958544e-01
4.122508264018691637e-01
5.835676369521167750e-01
7.013397235469377711e-02
1.849199339525261221e-01
7.390333519816982832e-02
2.900645567048347750e-01
3.640263853185419229e-01
2.808386177503569558e-01
1.038725373185874212e-01
1.818640948021820955e-02
2.285281406293772910e-01
6.809466479580186804e-02
2.028854515275637649e-01
3.156093254718488894e-01
8.909837287042958465e-02
2.237065374953626229e-01
2.562076747457953663e-01
3.695713821039744301e-02
1.410424749423886959e-01
1.568386884847444152e-01
9.317855755325076261e-01
7.358836243389840215e-01
7.833305536421955040e-01
8.592675208406632681e-01
5.865927228934767479e-01
8.451064952172454570e-01
9.096532645879560341e-01
6.675485729388073164e-01
6.507423247140733391e-01
9.565950933272550083e-01
8.962023761185582416e-01
4.227020740207224625e-01
9.773337772523214007e-01
6.752938634585573530e-01
5.098909783257854489e-01
9.794628855105931287e-01
9.524517947107902227e-01
8.125922125115730976e-01
9.021820086755804047e-01
4.216910684263174280e-01
6.252297764873453456e-01
4.783866352161893487e-01
3.509581962519803255e-01
9.847919195976817530e-01
2.575119945501311847e-01
8.466291335983923139e-01
8.244665108900813832e-01
7.249136108070149964e-01
8.390147432197259114e-02
7.632555600825318143e-01
7.534911264891053229e-01
8.903322709138824509e-01
8.931204499595779556e-01
9.624907499097895558e-01
7.666126826327048782e-01
9.547908339562360958e-01
9.955925620700200041e-01
4.095736104273902112e-01
9.809345620424821943e-01
8.975747114456649189e-01
7.353312156993744297e-01
4.907089544429924510e-01
5.643886822644910151e-01
8.609824539022304934e-01
2.190553037710976370e-01
9.477372885409665049e-01
8.910611597488978797e-01
6.731991938597486902e-01
8.274172566817088459e-01
9.788009697102012518e-01
